Function ¹1
0.000000 0.000000
0.200000 -0.078939
0.400000 -0.303293
0.600000 -0.637642
0.800000 -1.029200
1.000000 -1.416147
1.200000 -1.737394
1.400000 -1.942222
1.600000 -1.998295
1.800000 -1.896758
2.000000 -1.653644
Function ¹2
1.000000 -1.000000
1.200000 -1.400000
1.400000 -1.800000
1.600000 -2.200000
1.800000 -2.600000
2.000000 -3.000000
2.200000 -3.400000
2.400000 -3.800000
2.600000 -4.200000
2.800000 -4.600000
3.000000 -5.000000
3.200000 -5.400000
3.400000 -5.800000
3.600000 -6.200000
3.800000 -6.600000
Integral F1 - -95016714
Integral F2 - 0
